1.07360e-05 1.00000e+00
1.09530e-05 9.99998e-01
1.11740e-05 1.00000e+00
1.14000e-05 9.99992e-01
1.16300e-05 1.00001e+00
1.18650e-05 1.00001e+00
1.21050e-05 9.99992e-01
1.23490e-05 1.00001e+00
1.25990e-05 9.99997e-01
1.28530e-05 1.00001e+00
1.31130e-05 1.00000e+00
1.33780e-05 9.99998e-01
1.36480e-05 1.00000e+00
1.39240e-05 9.99997e-01
1.42050e-05 1.00001e+00
1.44920e-05 1.00000e+00
1.47850e-05 9.99992e-01
1.50830e-05 1.00002e+00
1.53880e-05 1.00000e+00
1.56990e-05 1.00000e+00
1.60160e-05 1.00000e+00
1.63400e-05 9.99991e-01
1.66700e-05 9.99996e-01
1.70060e-05 1.00002e+00
1.73500e-05 1.00000e+00
1.77000e-05 1.00002e+00
1.80580e-05 1.00000e+00
1.84230e-05 1.00000e+00
1.87950e-05 1.00000e+00
1.91750e-05 9.99998e-01
1.95620e-05 1.00001e+00
1.99570e-05 1.00001e+00
2.03600e-05 1.00001e+00
2.07720e-05 9.99996e-01
2.11910e-05 1.00001e+00
2.16190e-05 1.00001e+00
2.20560e-05 1.00003e+00
2.25020e-05 1.00001e+00
2.29560e-05 9.99983e-01
2.34200e-05 9.99990e-01
2.38930e-05 1.00001e+00
2.43760e-05 1.00001e+00
2.48680e-05 9.99986e-01
2.53710e-05 9.99976e-01
2.58830e-05 1.00002e+00
2.64060e-05 9.99992e-01
2.69390e-05 1.00000e+00
2.74840e-05 1.00001e+00
2.80390e-05 1.00001e+00
2.86050e-05 1.00002e+00
2.91830e-05 9.99998e-01
2.97730e-05 9.99974e-01
3.03740e-05 1.00000e+00
3.09880e-05 9.99981e-01
3.16140e-05 9.99995e-01
3.22520e-05 1.00001e+00
3.29040e-05 9.99995e-01
3.35690e-05 1.00000e+00
3.42470e-05 9.99993e-01
3.49380e-05 1.00001e+00
3.56440e-05 1.00001e+00
3.63640e-05 9.99993e-01
3.70990e-05 9.99998e-01
3.78480e-05 1.00001e+00
3.86130e-05 1.00000e+00
3.93930e-05 9.99991e-01
4.01890e-05 9.99991e-01
4.10010e-05 9.99974e-01
4.18290e-05 9.99997e-01
4.26740e-05 9.99992e-01
4.35360e-05 9.99987e-01
4.44160e-05 9.99973e-01
4.53130e-05 9.99984e-01
4.62280e-05 9.99986e-01
4.71620e-05 9.99993e-01
4.81150e-05 9.99981e-01
4.90870e-05 9.99974e-01
5.00780e-05 9.99973e-01
5.10900e-05 9.99982e-01
5.21220e-05 9.99986e-01
5.31750e-05 9.99978e-01
5.42490e-05 9.99979e-01
5.53450e-05 9.99981e-01
5.64630e-05 9.99964e-01
5.76040e-05 9.99960e-01
5.87670e-05 9.99977e-01
5.99550e-05 9.99970e-01
6.11660e-05 9.99958e-01
6.24010e-05 9.99970e-01
6.36620e-05 9.99953e-01
6.49480e-05 9.99953e-01
6.62600e-05 9.99960e-01
6.75990e-05 9.99952e-01
6.89640e-05 9.99953e-01
7.03570e-05 9.99948e-01
7.17790e-05 9.99948e-01
7.32290e-05 9.99944e-01
7.47080e-05 9.99944e-01
7.62170e-05 9.99944e-01
7.77570e-05 9.99937e-01
7.93280e-05 9.99937e-01
8.09300e-05 9.99931e-01
8.25650e-05 9.99922e-01
8.42330e-05 9.99924e-01
8.59350e-05 9.99917e-01
8.76710e-05 9.99916e-01
8.94420e-05 9.99915e-01
9.12490e-05 9.99908e-01
9.30920e-05 9.99910e-01
9.49730e-05 9.99897e-01
9.68910e-05 9.99899e-01
9.88490e-05 9.99891e-01
1.00850e-04 9.99868e-01
1.02880e-04 9.99888e-01
1.04960e-04 9.99885e-01
1.07080e-04 9.99872e-01
1.09240e-04 9.99883e-01
1.11450e-04 9.99862e-01
1.13700e-04 9.99865e-01
1.16000e-04 9.99849e-01
1.18340e-04 9.99856e-01
1.20730e-04 9.99845e-01
1.23170e-04 9.99837e-01
1.25660e-04 9.99821e-01
1.28200e-04 9.99809e-01
1.30790e-04 9.99800e-01
1.33430e-04 9.99803e-01
1.36130e-04 9.99773e-01
1.38880e-04 9.99765e-01
1.41680e-04 9.99778e-01
1.44540e-04 9.99768e-01
1.47460e-04 9.99762e-01
1.50440e-04 9.99745e-01
1.53480e-04 9.99731e-01
1.56580e-04 9.99722e-01
1.59750e-04 9.99688e-01
1.62970e-04 9.99695e-01
1.66270e-04 9.99664e-01
1.69620e-04 9.99673e-01
1.73050e-04 9.99652e-01
1.76550e-04 9.99624e-01
1.80110e-04 9.99627e-01
1.83750e-04 9.99604e-01
1.87460e-04 9.99592e-01
1.91250e-04 9.99568e-01
1.95110e-04 9.99562e-01
1.99060e-04 9.99520e-01
2.03080e-04 9.99503e-01
2.07180e-04 9.99493e-01
2.11370e-04 9.99460e-01
2.15640e-04 9.99435e-01
2.19990e-04 9.99429e-01
2.24440e-04 9.99391e-01
2.28970e-04 9.99378e-01
2.33590e-04 9.99361e-01
2.38310e-04 9.99332e-01
2.43130e-04 9.99316e-01
2.48040e-04 9.99260e-01
2.53050e-04 9.99260e-01
2.58160e-04 9.99221e-01
2.63380e-04 9.99173e-01
2.68700e-04 9.99135e-01
2.74130e-04 9.99089e-01
2.79660e-04 9.99096e-01
2.85310e-04 9.99034e-01
2.91080e-04 9.98992e-01
2.96960e-04 9.98944e-01
3.02960e-04 9.98914e-01
3.09080e-04 9.98863e-01
3.15320e-04 9.98830e-01
3.21690e-04 9.98763e-01
3.28190e-04 9.98738e-01
3.34820e-04 9.98679e-01
3.41580e-04 9.98625e-01
3.48480e-04 9.98562e-01
3.55520e-04 9.98526e-01
3.62700e-04 9.98480e-01
3.70030e-04 9.98414e-01
3.77510e-04 9.98329e-01
3.85130e-04 9.98270e-01
3.92910e-04 9.98212e-01
4.00850e-04 9.98124e-01
4.08950e-04 9.98069e-01
4.17210e-04 9.97986e-01
4.25640e-04 9.97895e-01
4.34240e-04 9.97825e-01
4.43010e-04 9.97747e-01
4.51960e-04 9.97651e-01
4.61090e-04 9.97566e-01
4.70400e-04 9.97465e-01
4.79910e-04 9.97355e-01
4.89600e-04 9.97257e-01
4.99490e-04 9.97151e-01
5.09580e-04 9.97062e-01
5.19880e-04 9.96932e-01
5.30380e-04 9.96821e-01
5.41090e-04 9.96696e-01
5.52020e-04 9.96572e-01
5.63170e-04 9.96448e-01
5.74550e-04 9.96318e-01
5.86160e-04 9.96182e-01
5.98000e-04 9.96040e-01
6.10080e-04 9.95886e-01
6.22400e-04 9.95741e-01
6.34980e-04 9.95570e-01
6.47800e-04 9.95409e-01
6.60890e-04 9.95236e-01
6.74240e-04 9.95059e-01
6.87860e-04 9.94890e-01
7.01760e-04 9.94687e-01
7.15930e-04 9.94512e-01
7.30400e-04 9.94308e-01
7.45150e-04 9.94092e-01
7.60210e-04 9.93878e-01
7.75560e-04 9.93664e-01
7.91230e-04 9.93431e-01
8.07210e-04 9.93202e-01
8.23520e-04 9.92967e-01
8.40160e-04 9.92711e-01
8.57130e-04 9.92465e-01
8.74440e-04 9.92195e-01
8.92110e-04 9.91921e-01
9.10130e-04 9.91648e-01
9.28520e-04 9.91353e-01
9.47270e-04 9.91057e-01
9.66410e-04 9.90745e-01
9.85930e-04 9.90436e-01
1.00590e-03 9.90072e-01
1.02620e-03 9.89751e-01
1.04690e-03 9.89414e-01
1.06800e-03 9.89086e-01
1.08960e-03 9.88701e-01
1.11160e-03 9.88328e-01
1.13410e-03 9.87925e-01
1.15700e-03 9.87525e-01
1.18040e-03 9.87109e-01
1.20420e-03 9.86698e-01
1.22850e-03 9.86274e-01
1.25340e-03 9.85790e-01
1.27870e-03 9.85345e-01
1.30450e-03 9.84882e-01
1.33090e-03 9.84375e-01
1.35780e-03 9.83864e-01
1.38520e-03 9.83358e-01
1.41320e-03 9.82826e-01
1.44170e-03 9.82291e-01
1.47080e-03 9.81743e-01
1.50060e-03 9.81140e-01
1.53090e-03 9.80550e-01
1.56180e-03 9.79951e-01
1.59330e-03 9.79344e-01
1.62550e-03 9.78693e-01
1.65840e-03 9.78017e-01
1.69190e-03 9.77347e-01
1.72600e-03 9.76668e-01
1.76090e-03 9.75951e-01
1.79650e-03 9.75209e-01
1.83280e-03 9.74453e-01
1.86980e-03 9.73692e-01
1.90760e-03 9.72895e-01
1.94610e-03 9.72090e-01
1.98540e-03 9.71260e-01
2.02550e-03 9.70409e-01
2.06650e-03 9.69510e-01
2.10820e-03 9.68624e-01
2.15080e-03 9.67694e-01
2.19420e-03 9.66759e-01
2.23860e-03 9.65778e-01
2.28380e-03 9.64789e-01
2.32990e-03 9.63775e-01
2.37700e-03 9.62724e-01
2.42500e-03 9.61659e-01
2.47400e-03 9.60562e-01
2.52400e-03 9.59432e-01
2.57500e-03 9.58283e-01
2.62700e-03 9.57106e-01
2.68000e-03 9.55909e-01
2.73420e-03 9.54667e-01
2.78940e-03 9.53406e-01
2.84580e-03 9.52101e-01
2.90330e-03 9.50777e-01
2.96190e-03 9.49432e-01
3.02170e-03 9.48034e-01
3.08280e-03 9.46637e-01
3.14510e-03 9.45168e-01
3.20860e-03 9.43676e-01
3.27340e-03 9.42151e-01
3.33950e-03 9.40594e-01
3.40700e-03 9.38998e-01
3.47580e-03 9.37377e-01
3.54600e-03 9.35724e-01
3.61770e-03 9.34029e-01
3.69080e-03 9.32308e-01
3.76530e-03 9.30526e-01
3.84140e-03 9.28703e-01
3.91900e-03 9.26853e-01
3.99820e-03 9.24970e-01
4.07890e-03 9.23033e-01
4.16130e-03 9.21059e-01
4.24540e-03 9.19053e-01
4.33120e-03 9.16985e-01
4.41860e-03 9.14903e-01
4.50790e-03 9.12780e-01
4.59900e-03 9.10600e-01
4.69190e-03 9.08366e-01
4.78670e-03 9.06075e-01
4.88340e-03 9.03762e-01
4.98200e-03 9.01400e-01
5.08270e-03 8.98979e-01
5.18530e-03 8.96547e-01
5.29010e-03 8.94028e-01
5.39690e-03 8.91472e-01
5.50600e-03 8.88859e-01
5.61720e-03 8.86211e-01
5.73070e-03 8.83516e-01
5.84640e-03 8.80762e-01
5.96450e-03 8.77964e-01
6.08500e-03 8.75102e-01
6.20800e-03 8.72175e-01
6.33340e-03 8.69221e-01
6.46130e-03 8.66213e-01
6.59180e-03 8.63125e-01
6.72500e-03 8.60006e-01
6.86090e-03 8.56813e-01
6.99950e-03 8.53576e-01
7.14090e-03 8.50272e-01
7.28510e-03 8.46928e-01
7.43230e-03 8.43516e-01
7.58240e-03 8.40049e-01
7.73560e-03 8.36522e-01
7.89190e-03 8.32919e-01
8.05130e-03 8.29288e-01
8.21390e-03 8.25568e-01
8.37990e-03 8.21797e-01
8.54920e-03 8.17964e-01
8.72190e-03 8.14073e-01
8.89810e-03 8.10104e-01
9.07780e-03 8.06083e-01
9.26120e-03 8.01990e-01
9.44830e-03 7.97849e-01
9.63920e-03 7.93624e-01
9.83390e-03 7.89342e-01
1.00330e-02 7.84967e-01
1.02350e-02 7.80581e-01
1.04420e-02 7.76092e-01
1.06530e-02 7.71529e-01
1.08680e-02 7.66914e-01
1.10880e-02 7.62202e-01
1.13120e-02 7.57435e-01
1.15400e-02 7.52634e-01
1.17730e-02 7.47724e-01
1.20110e-02 7.42745e-01
1.22540e-02 7.37689e-01
1.25010e-02 7.32590e-01
1.27540e-02 7.27383e-01
1.30110e-02 7.22130e-01
1.32740e-02 7.16798e-01
1.35430e-02 7.11364e-01
1.38160e-02 7.05886e-01
1.40950e-02 7.00335e-01
1.43800e-02 6.94689e-01
1.46700e-02 6.88990e-01
1.49670e-02 6.83188e-01
1.52690e-02 6.77345e-01
1.55780e-02 6.71397e-01
1.58920e-02 6.65407e-01
1.62130e-02 6.59324e-01
1.65410e-02 6.53157e-01
1.68750e-02 6.46917e-01
1.72160e-02 6.40616e-01
1.75640e-02 6.34224e-01
1.79180e-02 6.27786e-01
1.82800e-02 6.21262e-01
1.86500e-02 6.14646e-01
1.90270e-02 6.07985e-01
1.94110e-02 6.01245e-01
1.98030e-02 5.94440e-01
2.02030e-02 5.87577e-01
2.06110e-02 5.80634e-01
2.10280e-02 5.73629e-01
2.14520e-02 5.66566e-01
2.18860e-02 5.59436e-01
2.23280e-02 5.52257e-01
2.27790e-02 5.45019e-01
2.32390e-02 5.37737e-01
2.37080e-02 5.30404e-01
2.41870e-02 5.23023e-01
2.46760e-02 5.15587e-01
2.51750e-02 5.08121e-01
2.56830e-02 5.00637e-01
2.62020e-02 4.93108e-01
2.67310e-02 4.85555e-01
2.72710e-02 4.77983e-01
2.78220e-02 4.70395e-01
2.83840e-02 4.62802e-01
2.89580e-02 4.55199e-01
2.95430e-02 4.47605e-01
3.01390e-02 4.40033e-01
3.07480e-02 4.32468e-01
3.13690e-02 4.24929e-01
3.20030e-02 4.17411e-01
3.26500e-02 4.09948e-01
3.33090e-02 4.02522e-01
3.39820e-02 3.95167e-01
3.46690e-02 3.87862e-01
3.53690e-02 3.80632e-01
3.60830e-02 3.73496e-01
3.68120e-02 3.66436e-01
3.75560e-02 3.59475e-01
3.83150e-02 3.52581e-01
3.90890e-02 3.45797e-01
3.98780e-02 3.39133e-01
4.06840e-02 3.32593e-01
4.15060e-02 3.26201e-01
4.23440e-02 3.19948e-01
4.32000e-02 3.13858e-01
4.40720e-02 3.07927e-01
4.49630e-02 3.02156e-01
4.58710e-02 2.96553e-01
4.67980e-02 2.91109e-01
4.77430e-02 2.85840e-01
4.87080e-02 2.80718e-01
4.96910e-02 2.75769e-01
5.06950e-02 2.70953e-01
5.17190e-02 2.66284e-01
5.27640e-02 2.61747e-01
5.38300e-02 2.57333e-01
5.49180e-02 2.53039e-01
5.60270e-02 2.48845e-01
5.71590e-02 2.44757e-01
5.83130e-02 2.40779e-01
5.94910e-02 2.36862e-01
6.06930e-02 2.33207e-01
6.19190e-02 2.29425e-01
6.31700e-02 2.25674e-01
6.44460e-02 2.21921e-01
6.57480e-02 2.18167e-01
6.70770e-02 2.14389e-01
6.84320e-02 2.10579e-01
6.98140e-02 2.06716e-01
7.12240e-02 2.02793e-01
7.26630e-02 1.98798e-01
7.41310e-02 1.94727e-01
7.56290e-02 1.90578e-01
7.71560e-02 1.86356e-01
7.87150e-02 1.82064e-01
8.03050e-02 1.77714e-01
8.19270e-02 1.73319e-01
8.35820e-02 1.68898e-01
8.52710e-02 1.64467e-01
8.69930e-02 1.60052e-01
8.87510e-02 1.55671e-01
9.05440e-02 1.51353e-01
9.23730e-02 1.47121e-01
9.42390e-02 1.43003e-01
9.61430e-02 1.39023e-01
9.80850e-02 1.35209e-01
1.00070e-01 1.31577e-01
1.02090e-01 1.28152e-01
1.04150e-01 1.24945e-01
1.06250e-01 1.21956e-01
1.08400e-01 1.19178e-01
1.10590e-01 1.16603e-01
1.12820e-01 1.14211e-01
1.15100e-01 1.11973e-01
1.17430e-01 1.09858e-01
1.19800e-01 1.07836e-01
1.22220e-01 1.05868e-01
1.24690e-01 1.03911e-01
1.27210e-01 1.01929e-01
1.29780e-01 9.98799e-02
1.32400e-01 9.77336e-02
1.35080e-01 9.54664e-02
1.37800e-01 9.30795e-02
1.40590e-01 9.05765e-02
1.43430e-01 8.79881e-02
1.46330e-01 8.53498e-02
1.49280e-01 8.27034e-02
1.52300e-01 8.00836e-02
1.55370e-01 7.75343e-02
1.58510e-01 7.50914e-02
1.61710e-01 7.27948e-02
1.64980e-01 7.06736e-02
1.68310e-01 6.87517e-02
1.71710e-01 6.70255e-02
1.75180e-01 6.54767e-02
1.78720e-01 6.40628e-02
1.82330e-01 6.27374e-02
1.86020e-01 6.14467e-02
1.89770e-01 6.01505e-02
1.93610e-01 5.88047e-02
1.97520e-01 5.73828e-02
2.01510e-01 5.58695e-02
2.05580e-01 5.42702e-02
2.09730e-01 5.26068e-02
2.13970e-01 5.09202e-02
2.18290e-01 4.92584e-02
2.22700e-01 4.76669e-02
2.27200e-01 4.61828e-02
2.31790e-01 4.48317e-02
2.36470e-01 4.36184e-02
2.41250e-01 4.25267e-02
2.46120e-01 4.15181e-02
2.51100e-01 4.05475e-02
2.56170e-01 3.95735e-02
2.61340e-01 3.85641e-02
2.66620e-01 3.75033e-02
2.72010e-01 3.63957e-02
2.77500e-01 3.52604e-02
2.83110e-01 3.41333e-02
2.88830e-01 3.30507e-02
2.94660e-01 3.20425e-02
3.00620e-01 3.11185e-02
3.06690e-01 3.02700e-02
3.12880e-01 2.94754e-02
3.19200e-01 2.87067e-02
3.25650e-01 2.79349e-02
3.32230e-01 2.71418e-02
3.38940e-01 2.63293e-02
3.45790e-01 2.55137e-02
3.52780e-01 2.47173e-02
3.59900e-01 2.39606e-02
3.67170e-01 2.32533e-02
3.74590e-01 2.25909e-02
3.82160e-01 2.19581e-02
3.89880e-01 2.13380e-02
3.97750e-01 2.07173e-02
4.05790e-01 2.00939e-02
4.13990e-01 1.94766e-02
4.22350e-01 1.88776e-02
4.30880e-01 1.83056e-02
4.39590e-01 1.77632e-02
4.48470e-01 1.72433e-02
4.57530e-01 1.67353e-02
4.66770e-01 1.62344e-02
4.76200e-01 1.57395e-02
4.85820e-01 1.52556e-02
4.95630e-01 1.47893e-02
5.05640e-01 1.43414e-02
5.15860e-01 1.39098e-02
5.26280e-01 1.34896e-02
5.36910e-01 1.30781e-02
5.47760e-01 1.26757e-02
5.58820e-01 1.22850e-02
5.70110e-01 1.19075e-02
5.81630e-01 1.15427e-02
5.93380e-01 1.11884e-02
6.05370e-01 1.08432e-02
6.17600e-01 1.05070e-02
6.30070e-01 1.01810e-02
6.42800e-01 9.86530e-03
6.55790e-01 9.55914e-03
6.69030e-01 9.26189e-03
6.82550e-01 8.97296e-03
6.96340e-01 8.69251e-03
7.10400e-01 8.42067e-03
7.24750e-01 8.15690e-03
7.39400e-01 7.90098e-03
7.54330e-01 7.65286e-03
7.69570e-01 7.41192e-03
7.85120e-01 7.17827e-03
8.00980e-01 6.95173e-03
8.17160e-01 6.73178e-03
8.33670e-01 6.51876e-03
8.50510e-01 6.31187e-03
8.67690e-01 6.11151e-03
8.85220e-01 5.91712e-03
9.03100e-01 5.72869e-03
9.21340e-01 5.54605e-03
9.39960e-01 5.36891e-03
9.58940e-01 5.19724e-03
9.78320e-01 5.03081e-03
9.98080e-01 4.86952e-03
1.01820e+00 4.71332e-03
1.03880e+00 4.56171e-03
1.05980e+00 4.41485e-03
1.08120e+00 4.27257e-03
1.10300e+00 4.13473e-03
1.12530e+00 4.00110e-03
1.14810e+00 3.87153e-03
1.17130e+00 3.74612e-03
1.19490e+00 3.62471e-03
1.21910e+00 3.50693e-03
1.24370e+00 3.39298e-03
1.26880e+00 3.28262e-03
1.29440e+00 3.17571e-03
1.32060e+00 3.07203e-03
1.34730e+00 2.97171e-03
1.37450e+00 2.87456e-03
1.40230e+00 2.78040e-03
1.43060e+00 2.68935e-03
1.45950e+00 2.60113e-03
1.48900e+00 2.51567e-03
1.51900e+00 2.43306e-03
1.54970e+00 2.35295e-03
1.58100e+00 2.27543e-03
1.61300e+00 2.20038e-03
1.64560e+00 2.12772e-03
1.67880e+00 2.05745e-03
1.71270e+00 1.98940e-03
1.74730e+00 1.92351e-03
1.78260e+00 1.85977e-03
1.81860e+00 1.79807e-03
1.85540e+00 1.73835e-03
1.89280e+00 1.68058e-03
1.93110e+00 1.62466e-03
1.97010e+00 1.57055e-03
2.00990e+00 1.51819e-03
2.05050e+00 1.46755e-03
2.09190e+00 1.41856e-03
2.13420e+00 1.37110e-03
2.17730e+00 1.32523e-03
2.22130e+00 1.28089e-03
2.26610e+00 1.23795e-03
2.31190e+00 1.19642e-03
2.35860e+00 1.15626e-03
2.40630e+00 1.11739e-03
2.45490e+00 1.07982e-03
2.50450e+00 1.04347e-03
2.55510e+00 1.00832e-03
2.60670e+00 9.74329e-04
2.65930e+00 9.41471e-04
2.71310e+00 9.09660e-04
2.76790e+00 8.78924e-04
2.82380e+00 8.49197e-04
2.88080e+00 8.20461e-04
2.93900e+00 7.92665e-04
2.99840e+00 7.65792e-04
3.05900e+00 7.39808e-04
3.12080e+00 7.14686e-04
3.18380e+00 6.90410e-04
3.24810e+00 6.66940e-04
3.31370e+00 6.44246e-04
3.38070e+00 6.22301e-04
3.44900e+00 6.01097e-04
3.51870e+00 5.80591e-04
3.58970e+00 5.60787e-04
3.66230e+00 5.41626e-04
3.73620e+00 5.23126e-04
3.81170e+00 5.05234e-04
3.88870e+00 4.87943e-04
3.96730e+00 4.71232e-04
4.04740e+00 4.55092e-04
4.12920e+00 4.39485e-04
4.21260e+00 4.24408e-04
4.29770e+00 4.09829e-04
4.38450e+00 3.95748e-04
4.47310e+00 3.82141e-04
4.56340e+00 3.69003e-04
4.65560e+00 3.56303e-04
4.74970e+00 3.44020e-04
4.84560e+00 3.32166e-04
4.94350e+00 3.20711e-04
5.04340e+00 3.09641e-04
5.14530e+00 2.98954e-04
5.24920e+00 2.88623e-04
5.35530e+00 2.78640e-04
5.46340e+00 2.69005e-04
5.57380e+00 2.59693e-04
5.68640e+00 2.50704e-04
5.80130e+00 2.42015e-04
5.91850e+00 2.33624e-04
6.03800e+00 2.25521e-04
6.16000e+00 2.17692e-04
6.28440e+00 2.10132e-04
6.41140e+00 2.02830e-04
6.54090e+00 1.95778e-04
6.67310e+00 1.88966e-04
6.80790e+00 1.82389e-04
6.94540e+00 1.76038e-04
7.08570e+00 1.69903e-04
7.22880e+00 1.63981e-04
7.37490e+00 1.58261e-04
7.52380e+00 1.52739e-04
7.67580e+00 1.47405e-04
7.83090e+00 1.42256e-04
7.98910e+00 1.37283e-04
8.15050e+00 1.32483e-04
8.31510e+00 1.27848e-04
8.48310e+00 1.23372e-04
8.65450e+00 1.19051e-04
8.82930e+00 1.14881e-04
9.00770e+00 1.10852e-04
9.18960e+00 1.06965e-04
9.37530e+00 1.03211e-04
9.56470e+00 9.95874e-05
9.75790e+00 9.60905e-05
9.95500e+00 9.27150e-05
1.01560e+01 8.94561e-05
1.03610e+01 8.63098e-05
1.05710e+01 8.32689e-05
1.07840e+01 8.03394e-05
1.10020e+01 7.75102e-05
1.12240e+01 7.47808e-05
1.14510e+01 7.21437e-05
1.16820e+01 6.95998e-05
1.19180e+01 6.71439e-05
1.21590e+01 6.47736e-05
1.24050e+01 6.24865e-05
1.26550e+01 6.02796e-05
1.29110e+01 5.81479e-05
1.31720e+01 5.60930e-05
1.34380e+01 5.41069e-05
1.37090e+01 5.21935e-05
1.39860e+01 5.03463e-05
1.42690e+01 4.85624e-05
1.45570e+01 4.68423e-05
1.48510e+01 4.51819e-05
1.51510e+01 4.35798e-05
1.54570e+01 4.20341e-05
1.57690e+01 4.05428e-05
1.60880e+01 3.91028e-05
1.64130e+01 3.77139e-05
1.67450e+01 3.63736e-05
1.70830e+01 3.50810e-05
1.74280e+01 3.38338e-05
1.77800e+01 3.26302e-05
1.81390e+01 3.14692e-05
1.85060e+01 3.03486e-05
1.88800e+01 2.92677e-05
1.92610e+01 2.82253e-05
1.96500e+01 2.72196e-05
2.00470e+01 2.62492e-05
2.04520e+01 2.53130e-05
2.08650e+01 2.44101e-05
2.12870e+01 2.35383e-05
2.17170e+01 2.26981e-05
2.21550e+01 2.18876e-05
2.26030e+01 2.11055e-05
2.30590e+01 2.03513e-05
2.35250e+01 1.96238e-05
2.40010e+01 1.89215e-05
2.44850e+01 1.82447e-05
2.49800e+01 1.75916e-05
2.54850e+01 1.69619e-05
2.60000e+01 1.63540e-05
2.65250e+01 1.57684e-05
2.70610e+01 1.52032e-05
2.76070e+01 1.46582e-05
2.81650e+01 1.41324e-05
2.87340e+01 1.36253e-05
2.93140e+01 1.31362e-05
2.99070e+01 1.26647e-05
3.05110e+01 1.22098e-05
3.11270e+01 1.17710e-05
3.17560e+01 1.13481e-05
3.23970e+01 1.09402e-05
3.30520e+01 1.05466e-05
3.37200e+01 1.01671e-05
3.44010e+01 9.80124e-06
3.50960e+01 9.44844e-06
3.58050e+01 9.10819e-06
3.65280e+01 8.78009e-06
3.72660e+01 8.46370e-06
3.80190e+01 8.15858e-06
3.87870e+01 7.86442e-06
3.95700e+01 7.58074e-06
4.03700e+01 7.30717e-06
4.11850e+01 7.04345e-06
4.20170e+01 6.78918e-06
4.28660e+01 6.54396e-06
4.37320e+01 6.30746e-06
4.46150e+01 6.07956e-06
4.55170e+01 5.85971e-06
4.64360e+01 5.64782e-06
4.73740e+01 5.44345e-06
4.83310e+01 5.24644e-06
4.93080e+01 5.05646e-06
5.03040e+01 4.87336e-06
5.13200e+01 4.69680e-06
5.23570e+01 4.52658e-06
5.34140e+01 4.36251e-06
5.44930e+01 4.20433e-06
5.55940e+01 4.05178e-06
5.67170e+01 3.90474e-06
5.78630e+01 3.76297e-06
5.90320e+01 3.62635e-06
6.02240e+01 3.49465e-06
6.14410e+01 3.36766e-06
6.26820e+01 3.24516e-06
6.39490e+01 3.12713e-06
6.52400e+01 3.01342e-06
6.65580e+01 2.90371e-06
6.79030e+01 2.79798e-06
6.92750e+01 2.69614e-06
7.06740e+01 2.59787e-06
7.21020e+01 2.50324e-06
7.35580e+01 2.41192e-06
7.50440e+01 2.32397e-06
7.65600e+01 2.23915e-06
7.81070e+01 2.15740e-06
7.96850e+01 2.07861e-06
8.12940e+01 2.00268e-06
8.29370e+01 1.92946e-06
8.46120e+01 1.85892e-06
8.63210e+01 1.79091e-06
8.80650e+01 1.72537e-06
8.98440e+01 1.66220e-06
9.16590e+01 1.60131e-06
9.35110e+01 1.54262e-06
9.54000e+01 1.48607e-06
9.73270e+01 1.43156e-06
9.92930e+01 1.37902e-06
1.01300e+02 1.32838e-06
1.03350e+02 1.27955e-06
1.05430e+02 1.23258e-06
1.07560e+02 1.18724e-06
1.09740e+02 1.14353e-06
1.11950e+02 1.10146e-06
1.14210e+02 1.06089e-06
1.16520e+02 1.02178e-06
1.18880e+02 9.84079e-07
1.21280e+02 9.47786e-07
1.23730e+02 9.12782e-07
1.26230e+02 8.79068e-07
1.28780e+02 8.46571e-07
1.31380e+02 8.15250e-07
1.34030e+02 7.85101e-07
1.36740e+02 7.56012e-07
1.39500e+02 7.27984e-07
1.42320e+02 7.00980e-07
1.45200e+02 6.74949e-07
1.48130e+02 6.49901e-07
1.51120e+02 6.25735e-07
1.54170e+02 6.02453e-07
1.57290e+02 5.80021e-07
1.60470e+02 5.58392e-07
1.63710e+02 5.37588e-07
1.67010e+02 5.17516e-07
1.70390e+02 4.98190e-07
1.73830e+02 4.79544e-07
1.77340e+02 4.61606e-07
1.80920e+02 4.44314e-07
1.84580e+02 4.27645e-07
1.88310e+02 4.11592e-07
1.92110e+02 3.96128e-07
1.95990e+02 3.81229e-07
1.99950e+02 3.66871e-07
2.03990e+02 3.53041e-07
2.08110e+02 3.39715e-07
2.12320e+02 3.26873e-07
2.16610e+02 3.14507e-07
2.20980e+02 3.02597e-07
2.25450e+02 2.91118e-07
2.30000e+02 2.80066e-07
2.34650e+02 2.69414e-07
2.39390e+02 2.59156e-07
2.44220e+02 2.49278e-07
2.49160e+02 2.39756e-07
2.54190e+02 2.30593e-07
2.59320e+02 2.21763e-07
2.64560e+02 2.13261e-07
2.69910e+02 2.05069e-07
2.75360e+02 1.97181e-07
2.80920e+02 1.89583e-07
2.86600e+02 1.82269e-07
2.92390e+02 1.75221e-07
2.98290e+02 1.68441e-07
3.04320e+02 1.61907e-07
3.10470e+02 1.55615e-07
3.16740e+02 1.49562e-07
3.23140e+02 1.43732e-07
3.29670e+02 1.38118e-07
3.36320e+02 1.32716e-07
3.43120e+02 1.27512e-07
3.50050e+02 1.22508e-07
3.57120e+02 1.17688e-07
3.64340e+02 1.13047e-07
3.71700e+02 1.08587e-07
3.79210e+02 1.04287e-07
3.86870e+02 1.00157e-07
3.94680e+02 9.61804e-08
4.02650e+02 9.23549e-08
4.10790e+02 8.86733e-08
4.19090e+02 8.51330e-08
4.27550e+02 8.17282e-08
4.36190e+02 7.84531e-08
4.45000e+02 7.53039e-08
4.53990e+02 7.22754e-08
4.63160e+02 6.93639e-08
4.72520e+02 6.65652e-08
4.82060e+02 6.38750e-08
4.91800e+02 6.12891e-08
5.01740e+02 5.88042e-08
